    147 1044285651812839424
     67 26217297
     63 1238370241169616897
     53 1266038659
     39 1108565574
     37 18831926
     36 1462548977367359490
     35 1298372735383605249
     35 1243560408025198593
     33 1201670995435646976
     31 2615581908
     28 1268223690480615424
     26 27493883
     26 1349149096909668363
     25 242827267
     24 95091601
     23 2809959174
     23 16635277
     22 3453306553
     22 2783787047
     22 21525682
     21 309570860
     21 262219168
     21 18166778
     21 1640929196
     21 1047390492541874176
     20 254515782
     20 1120633726478823425
     19 278145569
     19 198296897
     19 1344356576786866176
     18 878284831
     18 60779696
     18 32871086
     18 3131144855
     18 2353605901
     18 20052899
     18 19084896
     18 14247236
     17 76842602
     17 255369151
     16 939679358536507392
     16 807095
     16 342863309
     16 34116377
     16 298673723
     16 11134252
     16 1028833460
     15 7587032
     15 48624704
     15 454099919
     15 29447428
     15 19604599
     15 1539378523
     14 879147821915615233
     14 86626845
     14 711750460932141056
     14 65357102
     14 63942152
     14 605153786
     14 59740725
     14 58974496
     14 489377813
     14 42769304
     14 3288075858
     14 255812611
     14 19739126
     14 160856325
     14 159021888
     14 1208160128060379136
     14 1113341312
     14 1096205507348623360
     14 1011581275851943938
     13 928755000007897093
     13 833988769
     13 819994707061248001
     13 767788995962998784
     13 66917778
     13 351784239
     13 233343317
     13 2189523500
     13 1652541
     13 15801906
     13 1364639441604800513
     13 1249982359
     13 1238949674989416449
     13 1080844782
     12 926164634570067968
     12 870629200348274688
     12 79402753
     12 588732151
     12 51241574
     12 44196397
     12 3140730672
     12 288277167
     12 270132611
     12 20995648
     12 20742888
     12 1917731
     12 167281867
     12 15480566
     12 14260960
     12 1280478731874848769
     12 1238583088998830081
     11 920943710254313472
     11 713752653289955329
     11 67805368
     11 593289567
     11 548384458
     11 48325671
     11 412548718
     11 368240745
     11 2885493519
     11 2768501
     11 23022687
     11 163018653
     11 14707794
     11 1421835080813666306
     11 1237314642583658496
     11 1054893957652434944
     10 39155029
     10 3246790436
     10 296553576
     10 2876041031
     10 25575859
     10 224668336
     10 20973388
     10 1891490382
     10 171429034
     10 15745368
     10 14157134
     10 1309417499398746112
     10 1226088089489199106
     10 1205226529455632385
      9 90651198
      9 8197942
      9 55113432
      9 52497540
      9 352754946
      9 2608740770
      9 236487888
      9 225779417
      9 1957610664
      9 18178850
      9 14298769
      9 139328853
      9 132731802
      9 1159682513947652096
      9 1132832803
      9 1079009826833862656
      8 977204844
      8 942156122
      8 92932981
      8 846454000585244672
      8 819185162479144960
      8 799911790398373888
      8 53963427
      8 49698134
      8 467726691
      8 454067089
      8 4216062853
      8 38531995
      8 3832
      8 372536101
      8 3383159573
      8 3303457302
      8 3103505578
      8 2962813893
      8 29420301
      8 2467791
      8 242555999
      8 23937894
      8 2336701370
      8 225921757
      8 2227646515
      8 18753424
      8 18004222
      8 17477864
      8 1344256277518692354
      8 1342989756611907584
      8 1299769218
      8 121127090
      8 1207874097251639296
      8 1204080117217202183
      8 1163992520252153857
      8 1108450312870875137
      8 1058807868
      8 1003107003693137921
      7 868673067223887872
      7 80802900
      7 760219193195302912
      7 759251
      7 551483643
      7 4725383142
      7 465936656
      7 455684839
      7 4541535439
      7 44835347
      7 432895323
      7 4091551984
      7 406842374
      7 349816997
      7 3424070074
      7 3107322079
      7 2985479932
      7 2836421
      7 2698422738
      7 26637348
      7 25887412
      7 2490890594
      7 246939630
      7 2461810448
      7 2425571623
      7 2421067430
      7 239971233
      7 239210681
      7 225338707
      7 212445456
      7 210149871
      7 180887271
      7 16832632
      7 165660881
      7 15976705
      7 15115280
      7 1382912376597479427
      7 1367531
      7 1344007696555663360
      7 1341233976434782210
      7 1321935792416149505
      7 13218102
      7 130557513
      7 1212560564225900544
      7 1172535926209298432
      7 1094713876132872192
      7 1087380412089987077
      7 1074480192
      7 105327432
      7 1038970825699774465
      7 1005846500583321601
      6 914588454
      6 874916178
      6 848148994102611969
      6 834825983010107392
      6 812361923304034304
      6 722528529716383744
      6 462021312
      6 40353407
      6 390022404
      6 34247411
      6 29501253
      6 2932460195
      6 291626846
      6 2899264434
      6 2768271223
      6 26361656
      6 258124400
      6 255887362
      6 255471924
      6 234694571
      6 23197565
      6 2289770467
      6 22799257
      6 22187085
      6 218975278
      6 21619519
      6 20280088
      6 18703437
      6 1866938882
      6 174151902
      6 17138582
      6 17027632
      6 1634512056
      6 16012783
      6 1573800344
      6 1541780334
      6 15392486
      6 15250661
      6 149522272
      6 1481651363335471129
      6 14362766
      6 138168339
      6 1367057849738661888
      6 1340783304304410625
      6 1315053256343719936
      6 1296279134079823872
      6 1277653859301801984
      6 12321952
      6 1222773302441148416
      6 1221462414744596483
      6 1189799454506799104
      6 1168968080690749441
      6 1116612139
      6 109579534
      6 1080154047519150080
      6 1073606435580325889
      5 975200486
      5 955157661212987392
      5 93880122
      5 93419198
      5 865210877678686208
      5 860654500431880192
      5 834081571493785600
      5 820452522494226433
      5 798953701972938752
      5 786309892990574592
      5 751283435382067202
      5 739844197935644672
      5 738779772
      5 73206956
      5 722242009
      5 71048726
      5 68128023
      5 60597469
      5 592730371
      5 524524991
      5 50560529
      5 50055701
      5 490002009
      5 447851721
      5 43601834
      5 39344374
      5 384233102
      5 36711022
      5 34713362
      5 345275528
      5 33727663
      5 3152110454
      5 307755781
      5 2916395070
      5 288363743
      5 28785486
      5 2573480784
      5 2569219368
      5 2561429863
      5 2475407894
      5 235717819
      5 23554832
      5 232427887
      5 22997830
      5 2296145948
      5 2277445532
      5 21059255
      5 21055261
      5 19902709
      5 19644592
      5 19386778
      5 1926075181
      5 190817371
      5 19058678
      5 189868631
      5 18965916
      5 18595994
      5 18559001
      5 18440301
      5 175989309
      5 16675569
      5 16606569
      5 16313405
      5 159955958
      5 15764644
      5 15414356
      5 152656121
      5 14892665
      5 14281853
      5 1383272101
      5 1340093943879512065
      5 1323090408730062849
      5 1316957121066409985
      5 12848262
      5 1245843601390817281
      5 1241591213578317825
      5 1240407498
      5 1173882011007643648
      5 1149445446433218563
      5 1146329871418843136
      5 1131917492
      5 1079776144524754944
      5 1016532597432725506
      5 1009577803304656896
      4 985523859179925504
      4 968008274003005440
      4 967900364
      4 95463107
      4 949892499878719488
      4 942202693015220224
      4 917067807115874311
      4 91478624
      4 90732175
      4 886398296146706432
      4 885891622919184384
      4 873135988440223745
      4 832616065259614209
      4 826631824700997633
      4 825922405453402115
      4 818893114979061761
      4 816131319033950208
      4 807160
      4 793331593
      4 7768402
      4 766136186268160000
      4 764187379
      4 729277017028337664
      4 7270292
      4 711608180535640064
      4 707967655031005186
      4 702577251020382209
      4 701725963
      4 700637412
      4 67934675
      4 65566588
      4 64643056
      4 62603750
      4 612473
      4 612441328
      4 58436094
      4 571141141
      4 56768709
      4 560165933
      4 552511754
      4 55060090
      4 539833719
      4 536646582
      4 528674835
      4 52770751
      4 52211840
      4 508591081
      4 506071299
      4 493714995
      4 47475039
      4 467823431
      4 463214687
      4 459872442
      4 446764989
      4 430452224
      4 426909329
      4 41218263
      4 40778270
      4 40316065
      4 38751107
      4 380648579
      4 37190669
      4 34180269
      4 3393609490
      4 33608041
      4 33537967
      4 335195929
      4 33216799
      4 328756439
      4 3276863125
      4 31667539
      4 30844417
      4 304679484
      4 299273962
      4 297100174
      4 29442313
      4 281376874
      4 2595088842
      4 25868334
      4 2400284491
      4 237845487
      4 2352629311
      4 2235731509
      4 216881337
      4 2161389312
      4 212621119
      4 20764031
      4 20559705
      4 20405787
      4 198584761
      4 19825835
      4 19568591
      4 19089339
      4 1906282568
      4 19038934
      4 189631331
      4 18501381
      4 183770461
      4 18320938
      4 17829133
      4 17494010
      4 17250722
      4 171699484
      4 170280910
      4 16973333
      4 16827148
      4 16352975
      4 16134235
      4 16041234
      4 15740776
      4 15675138
      4 15580900
      4 153517357
      4 151257881
      4 15012486
      4 1478462760572780547
      4 1456025947719622661
      4 14499829
      4 14461561
      4 14344823
      4 1424033022
      4 14173315
      4 139109800
      4 137198586
      4 1359532099
      4 1354525155238801413
      4 1349170292564905988
      4 1339835893
      4 1326139149426941952
      4 1324889974349697024
      4 1323730225067339784
      4 131546062
      4 130120037
      4 1278401163373707267
      4 1266006636000358402
      4 1248731077075664898
      4 1247188089618874370
      4 1244795359097958401
      4 1230463969
      4 1220843046125940736
      4 1213446779535937542
      4 1201953403099893760
      4 1199103810540470272
      4 1197209917972762625
      4 1196590977932091392
      4 118166719
      4 117856715
      4 1177447852915609600
      4 117122035
      4 1168793622248067072
      4 1155845777039810560
      4 1150553499500814339
      4 1147865396709593088
      4 1117704370630455296
      4 110194870
      4 1098819491780153345
      4 1092579601962975232
      4 107918290
      4 1060338999611420672
      4 102707504
      4 1011418918567792641
      3 996359407939174401
      3 996094929733652481
      3 994594957
      3 993137216309383169
      3 99188075
      3 982511286
      3 980197980346175488
      3 978265628426432512
      3 970109612597895168
      3 968831639857061888
      3 967027984426242053
      3 96502351
      3 9609622
      3 957306920
      3 95399839
      3 945445862062387200
      3 941055265054408704
      3 94079202
      3 939091
      3 938494109844729856
      3 935116421977186304
      3 930552552302792705
      3 92759522
      3 926019424154349568
      3 917442644
      3 91583544
      3 91180720
      3 906082234490290176
      3 888183349864476672
      3 88589013
      3 881615056437297152
      3 880018682
      3 878247600096509952
      3 864030687120281602
      3 85795383
      3 850507814023942144
      3 849376476877266944
      3 84174241
      3 840502412842541056
      3 84035041
      3 839854176762904577
      3 836269814150746116
      3 835309132509024260
      3 818948638890217473
      3 81741855
      3 816260792098000896
      3 811229675758505984
      3 800463336630403072
      3 799717156589965312
      3 799617770
      3 795857631571156992
      3 777070140
      3 773368033
      3 770781940341288960
      3 761068933
      3 75939860
      3 757832485
      3 754108043974107137
      3 750658704949678081
      3 75050644
      3 747885404
      3 745361615667638273
      3 742143
      3 73981267
      3 701844034755633157
      3 69181624
      3 67953340
      3 631540093
      3 630995607
      3 621533
      3 61660254
      3 611278121
      3 60606206
      3 60496760
      3 60483082
      3 586291040
      3 58191687
      3 579747564
      3 56503668
      3 559681926
      3 556519575
      3 55376380
      3 55329156
      3 5392522
      3 535918478
      3 529147678
      3 528016807
      3 526197521
      3 525812268
      3 525783599
      3 51378153
      3 51241418
      3 510464011
      3 50769180
      3 506216849
      3 492034179
      3 4878610324
      3 47747074
      3 45840174
      3 45618045
      3 45379403
      3 453473029
      3 4453812625
      3 43633246
      3 4315639054
      3 42518865
      3 419951447
      3 419757788
      3 41822696
      3 416950760
      3 41438148
      3 4118285112
      3 4107939250
      3 409687240
      3 409657315
      3 4043106914
      3 402888514
      3 40068395
      3 399265360
      3 39416218
      3 3930472251
      3 38576013
      3 3711001
      3 364696531
      3 36372343
      3 3602064317
      3 35787166
      3 35436391
      3 35157660
      3 3407247983
      3 3380282686
      3 335455570
      3 3282955777
      3 3277827936
      3 3226113792
      3 3192855216
      3 31669146
      3 3148736402
      3 310746442
      3 3079986094
      3 3014537423
      3 2987599687
      3 29769998
      3 29695330
      3 2937740737
      3 2926204339
      3 2920030904
      3 289498966
      3 288755234
      3 284590933
      3 28370738
      3 280980769
      3 279390084
      3 276688330
      3 27382158
      3 271075882
      3 2680280115
      3 2672715140
      3 26417909
      3 264124770
      3 260211154
      3 260059352
      3 2598999181
      3 25960714
      3 259509302
      3 259395895
      3 257339683
      3 25723601
      3 2553418813
      3 2522775577
      3 2479226604
      3 246178914
      3 2452853334
      3 24215395
      3 2420336131
      3 237612784
      3 2369799780
      3 2332818674
      3 23281108
      3 2324991210
      3 2323448533
      3 2316383071
      3 2288308578
      3 22803269
      3 22703645
      3 2266925107
      3 2260944469
      3 22573600
      3 22537043
      3 2234760798
      3 2223157392
      3 22196776
      3 22129280
      3 21952044
      3 2186207924
      3 21855179
      3 218154836
      3 217543151
      3 2172596028
      3 21575717
      3 21269970
      3 209415989
      3 20675681
      3 205242337
      3 20217019
      3 20172153
      3 19913106
      3 19899980
      3 19605053
      3 19429280
      3 19424427
      3 191807697
      3 1915033663
      3 189570603
      3 189305014
      3 18925120
      3 18915145
      3 18741571
      3 1857948524
      3 183036128
      3 18213483
      3 180797277
      3 1796057425
      3 17895820
      3 178580925
      3 17774061
      3 177437962
      3 17659982
      3 175248804
      3 17503820
      3 173672963
      3 173629507
      3 171989865
      3 1719253842
      3 17143007
      3 16961918
      3 16834659
      3 16753407
      3 166985027
      3 1667415740
      3 166426325
      3 16582131
      3 1652177576
      3 164679813
      3 16331010
      3 16213404
      3 16212771
      3 16094885
      3 1585
      3 158414847
      3 155930120
      3 1558406653
      3 15464697
      3 15446551
      3 15423737
      3 1540529606
      3 15220768
      3 15207668
      3 148529707
      3 1471037967926018051
      3 1460176204363972613
      3 145499533
      3 1449302062081138692
      3 14437914
      3 14361155
      3 143500773
      3 14335586
      3 143127083
      3 142332083
      3 1422044577079377924
      3 14191961
      3 14159148
      3 14106476
      3 14104027
      3 1397724205106405380
      3 1376373064875659270
      3 1363365594272133120
      3 1361083361675137024
      3 136004952
      3 135890983
      3 1357131432804700160
      3 1350150750966603777
      3 1336983802590101504
      3 1335983975613939712
      3 133584406
      3 1330859882040463362
      3 1327442450957303809
      3 1325563478
      3 1322155395146797056
      3 1277802780233658368
      3 1276123381
      3 1275462892591202304
      3 1271162030393896968
      3 1271084812296761344
      3 1265187595161464833
      3 1262456293157003272
      3 1257381543137460225
      3 1247612029
      3 123327472
      3 1231538146006798336
      3 1230746879698165762
      3 122453931
      3 118459189
      3 1182090678999736321
      3 1173978070535024642
      3 116889724
      3 1167843938599952384
      3 116228328
      3 1158193640
      3 1157395568135557120
      3 1138886434478182401
      3 1137992526646956033
      3 112398730
      3 1123536127908966400
      3 1113747629282930688
      3 1109357946671153152
      3 1109045045649424386
      3 1108477440517656576
      3 1105659718528262144
      3 110448981
      3 1097990106860797952
      3 1095523459877068800
      3 1094971056358637568
      3 1089151295397621760
      3 1088371662108676096
      3 1087209480184463362
      3 1082258629116465152
      3 1073047860260814848
      3 1067968702400876544
      3 10615232
      3 1045110787
      3 1016943828052336640
      3 1011970623470489601
      3 1010384732759252997
      3 1001160971262550017
